0.000000
0.000000
0.000000
0.000000
0.000000
0.000000
0.000000
0.000000
0.000000
0.000000
0.000000
0.000000
0.000000
0.000000
0.000000
-1.390624
-1.390624
0.000000
0.000000
0.000000
0.000000
0.709578
0.709578
1.373852
1.373852
0.829102
-0.703353
-0.703353
0.398764
0.000000
0.000000
-0.806759
-0.806759
-0.600968
-0.600968
0.059933
0.932335
0.932335
-0.046784
0.000000
0.000000
0.763814
0.763814
-0.751557
-0.751557
-0.210109
-0.587047
-0.587047
1.547670
0.000000
0.000000
0.271842
0.271842
0.841716
0.841716
-1.571752
-1.244181
-1.244181
1.338259
0.000000
0.000000
1.587885
1.587885
0.837626
0.837626
-1.101465
-1.920282
-1.920282
1.350505
0.000000
0.000000
0.501096
0.501096
-1.242951
-1.242951
0.714226
-0.800335
-0.800335
0.497091
0.000000
0.000000
0.454400
0.454400
-1.436227
-1.436227
-0.394995
-0.817315
-0.817315
0.791944
0.000000
0.000000
0.247048
0.247048
0.071124
0.071124
0.939315
0.592803
0.592803
0.984745
0.000000
0.000000
0.319900
0.319900
0.544006
0.544006
-0.070452
-0.165666
-0.165666
1.276385
0.000000
0.000000
0.141787
0.141787
0.795370
0.795370
0.599148
0.223009
0.223009
0.831698
0.000000
0.000000
0.636303
0.636303
1.113393
1.113393
-0.830278
-0.479808
-0.479808
-0.113507
0.000000
0.000000
0.291632
0.291632
-0.850765
-0.850765
-0.940088
-1.226744
-1.226744
-0.772423
0.000000
0.000000
-0.933473
-0.933473
0.284283
0.284283
0.772611
0.041410
0.041410
-1.573410
0.000000
0.000000
-0.627696
-0.627696
0.216575
0.216575
1.016302
0.917124
0.917124
-1.226744
0.000000
0.000000
-0.669829
-0.669829
0.234623
0.234623
0.782835
-0.189598
-0.189598
-0.460913
0.000000
0.000000
-0.147525
-0.147525
-0.871681
-0.871681
-0.877590
0.370789
0.370789
1.102830
0.000000
0.000000
0.000000
0.000000
0.000000
0.000000
0.000000
0.000000
0.000000
0.000000
0.000000
-0.192482
-0.192482
-10.416305
-10.416305
0.734602
0.734602
-0.878076
0.000000
0.000000
-0.121469
-0.121469
-1.507900
-1.507900
-1.376418
-1.376418
0.069540
0.000000
0.000000
-0.622824
-0.622824
-0.511577
-0.511577
0.135719
0.135719
-0.506020
0.000000
0.000000
-2.051330
-2.051330
-0.141579
-0.141579
0.051278
0.051278
0.654595
0.000000
0.000000
-1.118851
-1.118851
-0.271736
-0.271736
-0.746841
-0.746841
0.827545
0.000000
0.000000
-0.319289
-0.319289
-0.015528
-0.015528
-0.008130
-0.008130
1.243996
0.000000
0.000000
-0.641998
-0.641998
-0.133097
-0.133097
-0.614059
-0.614059
0.781193
0.000000
0.000000
0.789781
0.789781
-0.397970
-0.397970
-1.026313
-1.026313
0.472008
0.000000
0.000000
0.050273
0.050273
0.147611
0.147611
0.185897
0.185897
-0.115192
0.000000
0.000000
-0.446818
-0.446818
-0.476897
-0.476897
-1.053064
-1.053064
0.039708
0.000000
0.000000
-0.100366
-0.100366
0.499214
0.499214
0.354361
0.354361
-0.637066
0.000000
0.000000
-1.011322
-1.011322
-0.173983
-0.173983
-0.379930
-0.379930
-0.350448
0.000000
0.000000
-0.379393
-0.379393
0.662270
0.662270
0.291651
0.291651
0.572404
0.000000
0.000000
0.784184
0.784184
-1.333918
-1.333918
-1.204001
-1.204001
-0.974510
0.000000
0.000000
-0.670300
-0.670300
1.394038
1.394038
2.258394
2.258394
0.342438
0.000000
0.000000
0.080080
0.080080
1.174215
1.174215
1.035665
1.035665
-0.706804
0.000000
0.000000
0.000000
0.000000
0.000000
0.000000
0.867053
0.867053
-26.201772
-26.201772
-9.557454
-9.557454
-3.978183
-3.978183
-7.098751
-7.098751
-0.576331
-0.576331
-21.285779
-21.285779
-26.566273
-26.566273
-4.210662
-4.210662
-4.861171
-4.861171
-42.048636
-42.048636
11.388048
11.388048
17.084545
17.084545
13.073704
13.073704
-19.380615
-19.380615
-7.235792
-7.235792
-29.666520
-29.666520
-12.386432
-12.386432
-6.860343
-6.860343
-18.354731
-18.354731
5.364757
5.364757
-35.294867
-35.294867
10.586525
10.586525
-74.733873
-74.733873
0.000000
-0.366364
-0.366364
0.945748
0.945748
-0.402797
-0.402797
-8.062222
-8.062222
-1.242710
-1.242710
-0.931956
-0.931956
-0.931956
-0.931956
-0.773537
-0.773537
-1.004751
-1.004751
-2.474539
-2.474539
0.000000
0.000000
0.000000
0.000000
0.000000
0.000000
0.000000
0.000000
0.000000
0.000000
0.000000
-0.373708
-0.373708
-1.435619
-1.435619
0.000000
-0.862970
0.000000
-0.376665
-0.376665
0.000000
-0.376665
-0.376665
-0.462772
0.000000
-0.503159
-0.503159
0.061453
0.061453
-0.726049
-0.726049
0.000000
-0.580741
-0.630943
-0.420314
-0.420314
0.381227
-1.462518
-0.003480
0.691126
0.691126
-1.785203
-1.785203
-12.397861
-0.106034
-0.106034
0.623528
0.623528
1.694847
8.186216
-1.337965
-1.337965
0.046815
0.046815
-1.469177
-1.469177
-1.745494
0.844957
0.844957
-2.022048
-2.022048
-1.165312
0.000000
0.000000
-0.251471
-0.251471
2.735811
2.735811
-1.503224
-1.243138
-1.243138
-1.257797
-1.257797
0.002281
-19.406309
-0.462695
-0.462695
2.221905
2.221905
1.093720
1.093720
-0.671544
-0.016829
-0.016829
0.275695
0.275695
-0.123295
0.000000
0.000000
-0.071422
-0.071422
-3.560969
-3.560969
0.084423
-0.069693
-0.069693
-0.447161
-0.447161
-0.487538
3.387196
1.632258
1.632258
-0.841507
-0.841507
-1.110381
-1.110381
-0.208019
-0.536811
-0.536811
0.919678
0.919678
0.954553
0.000000
0.000000
0.800497
0.800497
-8.723025
-8.723025
1.610721
0.558167
0.558167
-1.507643
-1.507643
0.978023
-3.160250
0.093655
0.093655
0.997019
0.997019
-1.244895
-1.244895
0.355811
-0.429760
-0.429760
-1.876175
-1.876175
1.080607
0.000000
0.000000
0.000000
0.000000
0.000000
0.000000
0.000000
0.000000
0.000000
0.000000
0.000000
0.000000
0.000000
0.000000
0.000000
0.000000
0.000000
0.000000
0.000000
0.000000
0.000000
0.000000
0.000000
1.298571
1.298571
-0.096581
-0.096581
0.496014
0.496014
0.000000
1.226398
1.226398
-1.043441
-1.043441
-1.720905
-1.720905
-0.206505
-0.206505
-0.055669
-0.123141
-2.224722
-2.224722
1.914881
0.761154
0.761154
0.000000
0.954149
0.954149
1.164390
-2.436454
-2.436454
1.372517
-0.600507
-0.600507
-0.742336
0.000000
-0.683470
0.248614
-0.444059
-0.444059
0.394123
0.394123
-1.224216
-1.224216
-0.748349
-0.795344
1.260765
1.260765
1.030802
-0.230007
0.480663
0.480663
-0.089021
-0.089021
0.915367
0.915367
0.376483
0.631740
0.540930
0.540930
0.629343
0.629343
-1.059639
-1.059639
-0.836743
0.000000
0.000000
0.472889
0.472889
-1.918800
-1.918800
0.000000
0.000000
0.000000
0.738619
0.738619
-1.015531
-1.015531
-1.079127
-1.079127
-0.554788
0.335337
1.591706
1.591706
-0.744478
-0.588027
-0.588027
0.000000
1.613966
1.613966
-0.658993
0.057144
0.057144
1.935084
-3.276140
-3.276140
0.354941
0.000000
-1.358592
-0.585026
4.500894
4.500894
0.999492
0.999492
-0.238852
-0.238852
1.403376
1.244191
-0.748740
-0.748740
0.213025
0.121199
0.203621
0.203621
0.217857
0.217857
-0.239107
-0.239107
1.544533
0.579972
-0.588009
-0.588009
-0.783083
-0.783083
0.301812
0.301812
-0.217011
0.000000
0.000000
1.022240
1.022240
-0.328240
-0.328240
0.000000
0.000000
0.000000
-0.586316
-0.586316
1.470052
1.470052
-0.184360
-0.184360
0.019090
0.711777
0.292090
0.292090
0.096917
-0.433264
-0.433264
0.000000
-0.645465
-0.645465
-0.209256
0.209574
0.209574
-0.220057
1.007255
1.007255
-1.276368
0.000000
1.112039
-0.821610
16.205343
16.205343
-0.804875
-0.804875
1.571606
1.571606
1.267177
2.147978
0.157043
0.157043
-2.104072
-0.690045
-0.963549
-0.963549
0.215072
0.215072
0.130655
0.130655
-1.536391
-1.086297
0.424070
0.424070
1.488832
1.488832
0.788519
0.788519
-0.913860
0.000000
0.000000
-1.033875
-1.033875
-0.373935
-0.373935
0.000000
0.000000
0.000000
-0.142660
-0.142660
-1.849881
-1.849881
-1.853995
-1.853995
0.949023
-0.346275
0.271086
0.271086
-0.613469
-0.162363
-0.162363
0.000000
-1.318819
-1.318819
-0.596747
-0.758848
-0.758848
-1.331183
0.369228
0.369228
0.989333
0.000000
-1.117734
1.520354
-1.208697
-1.208697
0.228668
0.228668
-0.875730
-0.875730
0.285834
-0.373322
-0.308392
-0.308392
0.901158
0.801094
1.227238
1.227238
-1.186808
-1.186808
-0.200417
-0.200417
0.409408
-0.716869
0.200728
0.200728
-1.008571
-1.008571
0.046890
0.046890
-0.817714
0.000000
0.000000
0.000000
0.000000
0.000000
0.000000
0.000000
0.000000
0.000000
0.000000
0.000000
0.000000
0.000000
0.000000
0.000000
0.000000
0.000000
0.000000
0.000000
1.550728
1.550728
-1.080154
-1.080154
-1.909619
0.054749
0.054749
-0.025215
0.000000
0.000000
0.188406
0.188406
-1.463558
-1.463558
0.240694
-0.269347
-0.269347
-0.961502
0.000000
0.000000
-0.506661
-0.506661
-0.541360
-0.541360
-0.392199
0.174334
0.174334
-0.427449
0.000000
0.000000
-0.979542
-0.979542
1.328461
1.328461
0.422941
0.266179
0.266179
-0.537268
0.000000
0.000000
-1.018910
-1.018910
-0.313354
-0.313354
0.857713
-0.183630
-0.183630
-0.102333
0.000000
0.000000
0.342014
0.342014
0.125349
0.125349
-0.579883
-0.777877
-0.777877
0.039866
0.000000
0.000000
0.047573
0.047573
-1.324401
-1.324401
-0.771765
0.624762
0.624762
-0.508858
0.000000
0.000000
-1.218948
-1.218948
-0.717772
-0.717772
1.416239
2.276239
2.276239
-0.306029
0.000000
0.000000
-0.127629
-0.127629
-1.383082
-1.383082
-0.073244
0.333727
0.333727
0.707663
0.000000
0.000000
-0.040608
-0.040608
1.101733
1.101733
-0.740534
-0.779021
-0.779021
-0.515970
0.000000
0.000000
0.372449
0.372449
2.035665
2.035665
-0.811816
-0.421832
-0.421832
-0.833924
0.000000
0.000000
0.446526
0.446526
-1.092807
-1.092807
0.307359
0.505451
0.505451
-0.568768
0.000000
0.000000
-0.265153
-0.265153
-0.067015
-0.067015
1.514319
0.802456
0.802456
-1.219934
0.000000
0.000000
0.056423
0.056423
-0.380746
-0.380746
0.809697
1.006396
1.006396
-0.437067
0.000000
0.000000
-0.213967
-0.213967
-1.696336
-1.696336
-0.616332
-0.551673
-0.551673
-0.198594
0.000000
0.000000
0.685414
0.685414
-0.913446
-0.913446
0.429233
-0.276048
-0.276048
0.251447
0.000000
0.000000
0.000000
0.000000
0.000000
0.000000
0.000000
0.000000
0.000000
0.000000
0.000000
0.000000
0.000000
0.000000
0.000000
0.000000
0.000000
0.000000
0.000000
0.000000
