0.000000
0.000000
0.000000
0.000000
0.000000
0.000000
0.000000
0.000000
0.000000
0.000000
0.000000
0.000000
0.000000
0.000000
0.000000
0.000000
0.000000
0.000000
0.000000
0.000000
0.000000
17.166143
17.166143
-22.637886
-22.637886
31.333432
0.847705
0.847705
26.974992
0.000000
0.000000
-4.704057
-4.704057
-28.229954
-28.229954
-16.361919
-22.216783
-22.216783
21.695705
0.000000
0.000000
1.802448
1.802448
30.664126
30.664126
5.721179
7.022291
7.022291
34.219019
0.000000
0.000000
38.872691
38.872691
5.130254
5.130254
-29.484260
-25.211560
-25.211560
24.534358
0.000000
0.000000
25.157874
25.157874
-13.223760
-13.223760
49.445892
24.819738
24.819738
7.380478
0.000000
0.000000
15.417587
15.417587
10.085578
10.085578
-25.960953
-42.636672
-42.636672
-6.228735
0.000000
0.000000
13.676507
13.676507
33.710652
33.710652
1.965270
-6.958063
-6.958063
-4.921591
0.000000
0.000000
-6.867143
-6.867143
30.998411
30.998411
15.362534
-5.408148
-5.408148
-16.599418
0.000000
0.000000
-10.065627
-10.065627
36.727497
36.727497
-47.205649
-34.408684
-34.408684
33.588797
0.000000
0.000000
-3.712043
-3.712043
44.989487
44.989487
3.263701
-8.200612
-8.200612
29.118770
0.000000
0.000000
51.950236
51.950236
26.020555
26.020555
-17.352452
-25.158630
-25.158630
10.506714
0.000000
0.000000
43.137597
43.137597
-20.434260
-20.434260
-8.143805
0.234731
0.234731
7.865470
0.000000
0.000000
-4.275230
-4.275230
-12.644442
-12.644442
10.299601
43.447190
43.447190
-48.534335
0.000000
0.000000
-43.782375
-43.782375
-11.373238
-11.373238
18.509077
2.602473
2.602473
-50.394614
0.000000
0.000000
-22.089419
-22.089419
-15.256250
-15.256250
31.931281
-3.654711
-3.654711
-12.841278
0.000000
0.000000
-37.727927
-37.727927
13.347730
13.347730
-12.189431
-30.933237
-30.933237
-26.219777
0.000000
0.000000
0.000000
0.000000
0.000000
0.000000
0.000000
0.000000
0.000000
0.000000
0.000000
29.522656
29.522656
-12.080719
-12.080719
18.731044
18.731044
-12.947313
0.000000
0.000000
2.992343
2.992343
-5.484245
-5.484245
-1.762614
-1.762614
-22.787853
0.000000
0.000000
16.783057
16.783057
10.825803
10.825803
-17.442863
-17.442863
3.373903
0.000000
0.000000
-23.953941
-23.953941
19.440560
19.440560
17.968630
17.968630
25.396954
0.000000
0.000000
30.401033
30.401033
2.094850
2.094850
-7.468577
-7.468577
-12.308571
0.000000
0.000000
-47.528295
-47.528295
28.112519
28.112519
9.210215
9.210215
22.542737
0.000000
0.000000
0.736693
0.736693
-22.831173
-22.831173
-37.890338
-37.890338
-51.923241
0.000000
0.000000
-4.311565
-4.311565
-7.642450
-7.642450
-32.722037
-32.722037
-40.107766
0.000000
0.000000
-53.226515
-53.226515
48.932413
48.932413
55.415707
55.415707
24.419418
0.000000
0.000000
-24.680002
-24.680002
46.225698
46.225698
46.697316
46.697316
33.429782
0.000000
0.000000
-3.470275
-3.470275
30.193544
30.193544
5.578337
5.578337
21.793274
0.000000
0.000000
18.834316
18.834316
-34.742288
-34.742288
-48.692700
-48.692700
21.503752
0.000000
0.000000
11.827928
11.827928
16.101004
16.101004
11.039737
11.039737
12.999218
0.000000
0.000000
12.699332
12.699332
-23.384956
-23.384956
-26.565856
-26.565856
-10.685602
0.000000
0.000000
2.802300
2.802300
0.156106
0.156106
3.184227
3.184227
-1.268528
0.000000
0.000000
-41.025269
-41.025269
-13.055715
-13.055715
-26.003927
-26.003927
2.062903
0.000000
0.000000
0.000000
0.000000
0.000000
0.000000
21.227089
21.227089
-20.368195
-20.368195
12.844988
12.844988
29.959477
29.959477
25.627947
25.627947
-14.332424
-14.332424
-34.815434
-34.815434
-24.142143
-24.142143
3.809618
3.809618
34.623735
34.623735
-22.560732
-22.560732
-31.694735
-31.694735
6.578754
6.578754
-4.118366
-4.118366
-22.919476
-22.919476
-28.018340
-28.018340
-10.552506
-10.552506
5.113531
5.113531
-42.340759
-42.340759
-39.532220
-39.532220
-32.150734
-32.150734
-25.787386
-25.787386
22.469030
22.469030
-53.191896
-53.191896
0.000000
0.000000
0.000000
0.000000
0.000000
19.244117
19.244117
-8.115897
-8.115897
-21.578987
-21.578987
0.000000
0.000000
0.000000
0.000000
0.000000
0.000000
0.000000
0.000000
0.000000
0.000000
0.000000
0.000000
0.000000
0.000000
0.000000
0.000000
0.000000
0.000000
0.000000
0.000000
0.000000
0.000000
0.000000
0.000000
0.000000
0.000000
0.000000
0.000000
0.000000
0.000000
0.000000
0.000000
0.000000
0.000000
0.000000
0.000000
0.000000
0.000000
0.000000
0.000000
0.000000
0.000000
0.000000
0.000000
0.000000
0.000000
0.000000
0.000000
0.000000
4.375057
4.375057
-31.445982
-31.445982
-31.773745
8.824197
8.824197
18.001589
18.001589
15.485438
-9.300219
35.777555
35.777555
19.441831
19.441831
-10.791646
-10.791646
-2.508611
14.899056
14.899056
-25.216832
-25.216832
12.199487
0.000000
0.000000
12.126700
12.126700
16.728049
16.728049
-1.925581
-11.826725
-11.826725
37.478934
37.478934
50.570711
-0.012102
21.158797
21.158797
-23.327886
-23.327886
13.820320
13.820320
28.383366
-14.498290
-14.498290
-7.352706
-7.352706
30.823888
0.000000
0.000000
31.918903
31.918903
-11.713916
-11.713916
9.931570
51.886962
51.886962
-11.587959
-11.587959
-15.560263
15.042802
10.926857
10.926857
0.201554
0.201554
-44.324857
-44.324857
-3.611681
-3.501546
-3.501546
-18.444343
-18.444343
12.533954
0.000000
0.000000
19.650200
19.650200
-37.510863
-37.510863
-29.142894
40.215231
40.215231
-19.447609
-19.447609
-21.529473
-2.648977
14.296694
14.296694
-14.979279
-14.979279
-32.116795
-32.116795
-28.351140
-25.059500
-25.059500
-19.208810
-19.208810
2.632796
0.000000
0.000000
0.000000
0.000000
0.000000
0.000000
0.000000
0.000000
0.000000
0.000000
0.000000
0.000000
0.000000
0.000000
0.000000
0.000000
0.000000
0.000000
0.000000
0.000000
0.000000
0.000000
0.000000
0.000000
0.000000
18.242226
18.242226
10.129760
10.129760
0.000000
0.000000
0.000000
-23.745308
-23.745308
25.050216
25.050216
-13.848196
-13.848196
-2.315092
13.571396
-9.707716
-9.707716
1.742774
-3.398113
-3.398113
0.000000
18.282238
18.282238
-4.156788
35.120756
35.120756
-11.880182
-14.776226
-14.776226
1.040003
0.000000
-0.749647
3.308379
20.525859
20.525859
-21.090939
-21.090939
1.440621
1.440621
42.769396
27.310746
11.400393
11.400393
-20.761155
9.123853
9.092072
9.092072
-25.767431
-25.767431
30.912151
30.912151
15.123557
11.558311
-4.075011
-4.075011
0.982771
0.982771
-24.841362
-24.841362
9.387214
0.000000
0.000000
-5.805106
-5.805106
5.271165
5.271165
0.000000
0.000000
0.000000
10.367689
10.367689
39.720096
39.720096
0.055421
0.055421
-1.548682
-21.932786
1.875300
1.875300
-19.902461
10.555451
10.555451
0.000000
-4.502748
-4.502748
-15.303932
-14.860219
-14.860219
16.051304
6.925459
6.925459
32.377767
0.000000
36.983912
-1.565659
19.249655
19.249655
24.136104
24.136104
10.357912
10.357912
-14.413842
14.303005
13.728560
13.728560
-30.717389
4.208259
8.248006
8.248006
-12.979645
-12.979645
-7.336837
-7.336837
17.230428
0.057362
-22.934320
-22.934320
-54.311980
-54.311980
-35.418058
-35.418058
-3.995039
0.000000
0.000000
18.981800
18.981800
22.471575
22.471575
0.000000
0.000000
0.000000
-16.555997
-16.555997
3.186064
3.186064
2.121035
2.121035
15.947585
26.145459
-15.469480
-15.469480
15.914761
20.417021
20.417021
0.000000
52.331779
52.331779
27.175134
23.834452
23.834452
-7.624257
-12.420370
-12.420370
-2.216991
0.000000
2.337140
27.649834
34.274938
34.274938
25.398767
25.398767
-4.017966
-4.017966
14.324784
5.245739
14.956266
14.956266
-11.879129
-4.331114
15.427271
15.427271
-19.611875
-19.611875
10.413013
10.413013
2.777812
5.602965
3.265989
3.265989
-4.117666
-4.117666
-24.871232
-24.871232
9.375213
0.000000
0.000000
-33.580549
-33.580549
19.823048
19.823048
0.000000
0.000000
0.000000
-29.094742
-29.094742
-6.336494
-6.336494
1.507664
1.507664
12.463655
-32.544835
9.016746
9.016746
42.071378
28.436295
28.436295
0.000000
7.314308
7.314308
44.515478
40.563473
40.563473
-49.015581
-15.725548
-15.725548
11.524354
0.000000
-11.197093
13.762182
-12.373851
-12.373851
35.373568
35.373568
-36.200518
-36.200518
4.635143
-19.265001
-17.633547
-17.633547
-18.075696
55.909923
0.238404
0.238404
22.626438
22.626438
0.241175
0.241175
-11.324214
-28.591042
48.844287
48.844287
34.120889
34.120889
30.707019
30.707019
31.933149
0.000000
0.000000
0.000000
0.000000
0.000000
0.000000
0.000000
0.000000
0.000000
0.000000
0.000000
0.000000
0.000000
0.000000
0.000000
0.000000
0.000000
0.000000
0.000000
0.376338
0.376338
-22.776177
-22.776177
1.452511
38.110289
38.110289
-13.971547
0.000000
0.000000
-18.662258
-18.662258
-1.032822
-1.032822
4.685854
9.031494
9.031494
-18.932240
0.000000
0.000000
-23.611249
-23.611249
-6.914190
-6.914190
15.037804
11.974690
11.974690
0.859359
0.000000
0.000000
31.221216
31.221216
-29.768260
-29.768260
-35.600294
-26.470199
-26.470199
-3.772767
0.000000
0.000000
-16.996798
-16.996798
33.687219
33.687219
3.945855
-9.782199
-9.782199
-40.218805
0.000000
0.000000
22.928833
22.928833
-29.888397
-29.888397
0.955080
30.032097
30.032097
-9.628671
0.000000
0.000000
-39.834210
-39.834210
8.783863
8.783863
8.690206
-6.895512
-6.895512
11.404231
0.000000
0.000000
-3.814392
-3.814392
12.279415
12.279415
-3.113434
-5.828258
-5.828258
9.327256
0.000000
0.000000
0.705235
0.705235
8.114766
8.114766
-31.762900
-22.153362
-22.153362
-5.849247
0.000000
0.000000
-7.260979
-7.260979
3.373842
3.373842
-54.585736
-45.955798
-45.955798
-38.369508
0.000000
0.000000
-18.647148
-18.647148
16.095643
16.095643
52.791301
24.646432
24.646432
29.564127
0.000000
0.000000
-30.073096
-30.073096
-12.834340
-12.834340
-22.358086
-8.614387
-8.614387
13.661481
0.000000
0.000000
15.013010
15.013010
-15.872951
-15.872951
-14.854367
-12.879310
-12.879310
41.976296
0.000000
0.000000
-1.352496
-1.352496
-15.125735
-15.125735
-14.932791
-16.191888
-16.191888
44.118474
0.000000
0.000000
43.600285
43.600285
6.396204
6.396204
-25.175777
-10.378625
-10.378625
4.978917
0.000000
0.000000
25.574080
25.574080
16.571306
16.571306
15.524955
5.988710
5.988710
28.098976
0.000000
0.000000
0.000000
0.000000
0.000000
0.000000
0.000000
0.000000
0.000000
0.000000
0.000000
0.000000
0.000000
0.000000
0.000000
0.000000
0.000000
0.000000
0.000000
0.000000
