0.000000
0.000000
0.000000
0.000000
0.000000
0.000000
0.000000
0.000000
0.000000
0.000000
0.000000
0.000000
0.000000
0.000000
0.000000
0.000000
22.972788
22.972788
0.000000
0.000000
0.000000
0.000000
0.000000
20.534464
20.534464
20.534464
30.257832
-14.753310
-14.753310
0.000000
0.000000
-21.548097
-21.548097
17.973387
17.973387
35.124961
17.021054
17.021054
22.353738
22.353738
0.000000
31.868097
0.000000
-3.650740
30.053317
30.053317
21.756750
21.756750
-0.218032
-0.218032
-9.440334
-9.440334
31.381572
-27.853019
-27.853019
6.495584
-27.024993
-30.941941
-30.941941
-16.049111
-16.049111
-5.184186
-5.184186
-27.563022
-27.563022
-29.543867
27.847666
27.847666
-19.638713
11.415403
11.415403
0.000000
31.253325
-0.755134
-0.755134
-17.631287
-17.631287
9.732272
-13.487270
25.659665
25.659665
-20.159655
-20.159655
-7.474721
-12.156059
-26.979980
-19.990701
-19.990701
22.375690
22.375690
-28.015137
27.519339
35.485204
35.485204
-24.586737
-24.586737
-7.019299
25.355462
-29.907316
-14.525930
-14.525930
-26.095816
-26.095816
-4.981061
-4.981061
27.681930
27.681930
-11.455905
-12.171137
-12.171137
28.223818
28.223818
20.155286
20.155286
-28.469592
-28.469592
-27.112482
-27.112482
-10.975329
-0.379050
-0.379050
7.996160
7.996160
-22.220393
-16.078318
0.056776
0.056776
16.446493
16.446493
13.529071
13.529071
-8.811203
-24.383878
-24.383878
24.641866
24.641866
28.308862
28.308862
-19.196729
-12.365187
-12.365187
0.000000
-2.036252
16.449131
27.237003
27.237003
-22.521414
-22.521414
-25.185285
-25.185285
-8.778093
-18.653355
-18.653355
21.659794
21.659794
18.566238
-27.995000
-27.995000
0.000000
0.000000
22.881018
22.881018
0.000000
0.000000
0.000000
-8.720134
-8.720134
21.142761
21.142761
-0.404621
-6.606152
-6.606152
0.000000
-20.061628
-20.061628
0.000000
-21.205405
-21.205405
-21.205405
-21.205405
0.000000
-21.205405
0.000000
-21.205405
-21.205405
-21.205405
0.000000
-21.205405
0.000000
-21.205405
-21.205405
-21.205405
-15.761120
0.000000
-21.205405
4.382059
7.787744
29.582091
29.582091
0.000000
0.124393
0.124393
-13.165205
-13.378682
0.000000
0.000000
0.000000
21.721352
21.721352
1.670571
1.670571
-20.091893
-20.091893
0.000000
0.000000
0.000000
0.000000
0.000000
0.000000
0.000000
-8.720134
-8.720134
21.142761
21.142761
-0.404621
-6.606152
-6.606152
0.000000
21.477736
21.477736
0.000000
21.721352
21.721352
21.721352
21.721352
0.000000
21.721352
0.000000
21.721352
21.721352
21.721352
0.000000
21.721352
0.000000
21.721352
21.721352
21.721352
4.683048
0.000000
21.721352
-5.336632
10.776762
-7.640927
-7.640927
0.000000
0.124393
0.124393
-12.415269
-12.621860
0.000000
0.000000
0.000000
-13.378682
-13.378682
-17.130750
-17.130750
27.541939
22.299470
22.299470
22.868923
22.868923
8.111931
8.111931
0.000000
0.000000
-21.634562
-21.634562
0.000000
0.000000
0.000000
-8.720134
-8.720134
21.142761
21.142761
-0.404621
-6.606152
-6.606152
0.000000
21.636943
21.636943
0.000000
21.983709
21.983709
21.983709
21.983709
0.000000
21.983709
0.000000
21.983709
21.983709
21.983709
0.000000
21.983709
0.000000
21.983709
21.983709
21.983709
-6.655299
0.000000
21.983709
31.445281
19.206857
-30.719751
-30.719751
0.000000
0.124393
0.124393
38.618568
38.898545
0.000000
0.000000
0.000000
-24.300610
-24.300610
46.051538
46.051538
-20.958228
-20.958228
0.000000
0.000000
0.000000
0.000000
0.000000
0.000000
0.000000
-8.720134
-8.720134
21.142761
21.142761
-0.404621
-6.606152
-6.606152
0.000000
-23.063181
-23.063181
0.000000
-24.300610
-24.300610
-24.300610
-24.300610
0.000000
-24.300610
0.000000
-24.300610
-24.300610
-24.300610
0.000000
-24.300610
0.000000
-24.300610
-24.300610
-24.300610
-2.427180
0.000000
-24.300610
-34.087391
-42.893728
8.467732
8.467732
0.000000
0.124393
0.124393
-13.670514
-13.792263
0.000000
0.000000
0.000000
-21.895921
-21.895921
-24.062082
-24.062082
23.096995
23.096995
0.000000
0.000000
0.000000
0.000000
0.000000
0.000000
0.000000
-8.720134
-8.720134
21.142761
21.142761
-0.404621
-6.606152
-6.606152
0.000000
-20.545165
-20.545165
0.000000
-21.895921
-21.895921
-21.895921
-21.895921
0.000000
-21.895921
0.000000
-21.895921
-21.895921
-21.895921
0.000000
-21.895921
0.000000
-21.895921
-21.895921
-21.895921
-16.126136
0.000000
-21.895921
4.504091
6.760705
29.050008
29.050008
0.000000
0.124393
0.124393
-12.304188
-12.484216
0.000000
0.000000
0.000000
-13.792263
-13.792263
-17.152340
-17.152340
-10.876235
-22.133049
-22.133049
29.652896
29.652896
-25.160591
-25.160591
0.000000
0.000000
43.855787
43.855787
0.000000
0.000000
0.000000
-8.720134
-8.720134
21.142761
21.142761
-0.404621
-6.606152
-6.606152
0.000000
-21.576317
-21.576317
0.000000
-22.881018
-22.881018
-22.881018
-22.881018
0.000000
-22.881018
0.000000
-22.881018
-22.881018
-22.881018
0.000000
-22.881018
0.000000
-22.881018
-22.881018
-22.881018
-16.152379
0.000000
-22.881018
4.853805
8.019360
32.817670
32.817670
0.000000
0.124393
0.124393
-13.468486
-13.654287
0.000000
0.000000
0.000000
21.808470
21.808470
0.000000
-21.118721
-21.118721
0.000000
0.000000
0.000000
0.000000
0.000000
0.000000
0.000000
-8.720134
-8.720134
21.142761
21.142761
-0.404621
-6.606152
-6.606152
0.000000
21.979512
21.979512
0.000000
21.808470
21.808470
21.808470
21.808470
0.000000
21.808470
0.000000
21.808470
21.808470
21.808470
0.000000
21.808470
0.000000
21.808470
21.808470
21.808470
-6.968784
0.000000
21.808470
-4.769124
11.202637
-7.472169
-7.472169
0.000000
0.124393
0.124393
-12.517548
-12.621860
0.000000
0.000000
0.000000
-22.881018
-22.881018
0.000000
23.278825
23.278825
0.000000
0.000000
0.000000
0.000000
0.000000
0.000000
0.000000
-7.875672
-7.875672
-0.284968
-0.284968
-0.404621
-6.606152
-6.606152
0.000000
-21.688910
-21.688910
0.000000
-22.881018
-22.881018
-22.881018
-22.881018
0.000000
-22.881018
0.000000
-22.881018
-22.881018
-22.881018
0.000000
-22.881018
0.000000
-22.881018
-22.881018
-22.881018
-2.541169
0.000000
-22.881018
4.782535
7.240172
31.381562
31.381562
0.000000
0.124393
0.124393
-12.888651
-12.965813
0.000000
0.000000
0.000000
-18.056867
0.000000
23.250448
23.250448
28.802083
28.802083
0.000000
0.000000
0.000000
0.000000
0.000000
0.000000
0.000000
-7.875672
-7.875672
-0.284968
-0.284968
-0.404621
-6.606152
-6.606152
0.000000
22.624549
22.624549
0.000000
23.250448
23.250448
23.250448
23.250448
0.000000
23.250448
0.000000
23.250448
23.250448
23.250448
0.000000
23.250448
0.000000
23.250448
23.250448
23.250448
-1.964664
0.000000
23.250448
29.668284
18.689843
-29.919572
-29.919572
0.000000
0.124393
0.124393
36.410542
36.730752
0.000000
0.000000
0.000000
21.634562
21.634562
31.960644
-3.078131
-3.078131
-21.093263
-21.093263
-2.985655
-14.695311
-14.695311
4.286474
-9.232249
40.056342
40.056342
0.000000
13.657219
20.479627
-45.581795
-45.581795
-44.664835
-44.664835
-15.021320
-15.021320
-7.762432
-51.831589
-17.541199
-17.541199
-15.237264
-15.237264
26.500228
26.500228
-25.647507
-14.095420
-27.128012
-27.128012
9.856506
9.249416
-25.413353
-25.413353
0.000000
-23.020991
-23.020991
0.000000
0.000000
24.896467
24.896467
0.000000
0.000000
0.000000
-8.720174
-8.720174
21.915125
21.915125
-0.404621
-6.606152
-6.606152
0.000000
21.874315
21.874315
0.000000
21.983709
21.983709
21.983709
21.983709
0.000000
21.983709
0.000000
21.983709
21.983709
21.983709
0.000000
21.983709
0.000000
21.983709
21.983709
21.983709
-2.513795
0.000000
21.983709
-7.176801
9.749806
-7.902236
-7.902236
0.000000
0.124393
0.124393
-12.978594
-13.103394
0.000000
0.000000
0.000000
-24.008978
-24.008978
0.000000
-25.884141
0.000000
-34.254256
-34.254256
-20.589355
-20.589355
-17.621577
9.811787
0.000000
18.199103
18.199103
0.000000
0.000000
-21.808470
-21.808470
0.000000
0.000000
0.000000
-8.720174
-8.720174
21.915125
21.915125
-0.404621
-6.606152
-6.606152
0.000000
21.816630
21.816630
0.000000
21.808470
21.808470
21.808470
21.808470
0.000000
21.808470
0.000000
21.808470
21.808470
21.808470
0.000000
21.808470
0.000000
21.808470
21.808470
21.808470
-13.505022
0.000000
21.808470
-6.168799
10.359587
-7.512492
-7.512492
0.000000
0.124393
0.124393
-12.854036
-13.034600
0.000000
0.000000
0.000000
-24.896467
-24.896467
-15.212742
-15.212742
-24.699262
-24.699262
0.000000
0.000000
0.000000
0.000000
0.000000
0.000000
0.000000
-8.720174
-8.720174
21.915125
21.915125
-0.404621
-6.606152
-6.606152
0.000000
-24.117312
-24.117312
0.000000
-24.896467
-24.896467
-24.896467
-24.896467
0.000000
-24.896467
0.000000
-24.896467
-24.896467
-24.896467
0.000000
-24.896467
0.000000
-24.896467
-24.896467
-24.896467
6.425140
0.000000
-24.896467
-34.767613
-44.514269
8.391390
8.391390
0.000000
0.124393
0.124393
-13.025027
-13.241009
0.000000
0.000000
0.000000
0.000000
-10.204901
-10.204901
0.000000
0.000000
0.000000
0.000000
0.000000
0.000000
0.000000
0.000000
-8.720174
-8.720174
21.915125
21.915125
-0.404621
-6.606152
-6.606152
0.000000
-22.050460
-22.050460
0.000000
-23.437562
-23.437562
-23.437562
-23.437562
0.000000
-23.437562
0.000000
-23.437562
-23.437562
-23.437562
0.000000
-23.437562
0.000000
-23.437562
-23.437562
-23.437562
-8.130371
0.000000
-23.437562
3.937771
6.392022
31.122987
31.122987
0.000000
0.124393
0.124393
-13.145058
-13.241009
0.000000
0.000000
0.000000
0.000000
22.426046
22.426046
0.000000
0.000000
0.000000
0.000000
0.000000
0.000000
0.000000
-8.720174
-8.720174
21.915125
21.915125
-0.404621
-6.606152
-6.606152
0.000000
-12.253054
-12.253054
0.000000
-13.241009
-13.241009
-13.241009
-13.241009
0.000000
-13.241009
0.000000
-13.241009
-13.241009
-13.241009
0.000000
-13.241009
0.000000
-13.241009
-13.241009
-13.241009
-7.439945
0.000000
-13.241009
11.348164
13.349525
23.046582
23.046582
0.000000
0.124393
0.124393
-8.329829
-8.481640
0.000000
0.000000
0.000000
-14.336856
-24.969641
-24.969641
0.000000
-23.283091
-23.283091
0.000000
0.000000
0.000000
0.000000
0.000000
0.000000
0.000000
-7.842308
-7.842308
-0.934576
-0.934576
-0.404621
-6.606152
-6.606152
0.000000
-23.399805
-23.399805
0.000000
-24.695929
-24.695929
-24.695929
-24.695929
0.000000
-24.695929
0.000000
-24.695929
-24.695929
-24.695929
0.000000
-24.695929
0.000000
-24.695929
-24.695929
-24.695929
6.897080
0.000000
-24.695929
-34.274622
-43.139725
8.992402
8.992402
0.000000
0.124393
0.124393
-14.225053
-14.276446
0.000000
0.000000
0.000000
0.000000
-24.032176
-24.032176
0.000000
0.000000
0.000000
0.000000
0.000000
0.000000
0.000000
-7.842308
-7.842308
-0.934576
-0.934576
-0.404621
-6.606152
-6.606152
0.000000
-13.248606
-13.248606
0.000000
-14.276446
-14.276446
-14.276446
-14.276446
0.000000
-14.276446
0.000000
-14.276446
-14.276446
-14.276446
0.000000
-14.276446
0.000000
-14.276446
-14.276446
-14.276446
1.377262
0.000000
-14.276446
-29.277641
-33.141526
-1.614505
-1.614505
0.000000
0.124393
0.124393
-9.229851
-9.383966
0.000000
0.000000
0.000000
-24.008978
-24.008978
-8.354300
-8.354300
-19.275333
-24.924285
-20.739739
-20.739739
18.724725
18.724725
-24.750392
-24.750392
-5.419174
-15.646892
-15.646892
-3.338176
-27.947439
-27.947439
15.742594
0.000000
-6.010910
15.400514
15.400514
-21.616739
-21.616739
-23.291003
-14.445855
-14.445855
-25.887850
-25.887850
-13.316877
-13.316877
-4.412964
9.591328
9.591328
0.000000
-35.988399
-18.668184
-18.668184
18.148276
18.148276
-26.422178
-26.422178
-0.383413
25.450490
25.450490
0.000000
0.000000
-20.617325
-20.617325
0.000000
0.000000
0.000000
-8.692517
-8.692517
20.550023
20.550023
-0.404621
-6.606152
-6.606152
0.000000
-20.061628
-20.061628
0.000000
-21.205405
-21.205405
-21.205405
-21.205405
0.000000
-21.205405
0.000000
-21.205405
-21.205405
-21.205405
0.000000
-21.205405
0.000000
-21.205405
-21.205405
-21.205405
-15.761120
0.000000
-21.205405
-30.752672
-36.408473
7.430103
7.430103
0.000000
0.124393
0.124393
-13.993352
-14.207135
0.000000
0.000000
0.000000
21.721352
21.721352
0.720809
0.720809
0.000000
0.000000
0.000000
0.000000
0.000000
0.000000
0.000000
0.000000
-8.692517
-8.692517
20.550023
20.550023
-0.404621
-6.606152
-6.606152
0.000000
21.477736
21.477736
0.000000
21.721352
21.721352
21.721352
21.721352
0.000000
21.721352
0.000000
21.721352
21.721352
21.721352
0.000000
21.721352
0.000000
21.721352
21.721352
21.721352
4.683048
0.000000
21.721352
-6.824130
10.275432
-6.270136
-6.270136
0.000000
0.124393
0.124393
-14.114330
-14.276446
0.000000
0.000000
0.000000
21.983709
21.983709
-0.809773
-0.809773
0.000000
0.000000
0.000000
0.000000
0.000000
0.000000
0.000000
0.000000
-8.692517
-8.692517
20.550023
20.550023
-0.404621
-6.606152
-6.606152
0.000000
21.636943
21.636943
0.000000
21.983709
21.983709
21.983709
21.983709
0.000000
21.983709
0.000000
21.983709
21.983709
21.983709
0.000000
21.983709
0.000000
21.983709
21.983709
21.983709
-6.655299
0.000000
21.983709
-5.879966
11.116487
-5.727239
-5.727239
0.000000
0.124393
0.124393
-14.560032
-14.554251
0.000000
0.000000
0.000000
-24.300610
-24.300610
-31.527635
-31.527635
25.178492
25.178492
0.000000
0.000000
0.000000
0.000000
0.000000
0.000000
0.000000
-8.692517
-8.692517
20.550023
20.550023
-0.404621
-6.606152
-6.606152
0.000000
-23.063181
-23.063181
0.000000
-24.300610
-24.300610
-24.300610
-24.300610
0.000000
-24.300610
0.000000
-24.300610
-24.300610
-24.300610
0.000000
-24.300610
0.000000
-24.300610
-24.300610
-24.300610
-2.427180
0.000000
-24.300610
3.617663
6.591108
33.061663
33.061663
0.000000
0.124393
0.124393
-13.927185
-14.068666
0.000000
0.000000
0.000000
-21.895921
-21.895921
-21.600476
-21.600476
0.000000
0.000000
0.000000
0.000000
0.000000
0.000000
0.000000
0.000000
-8.692517
-8.692517
20.550023
20.550023
-0.404621
-6.606152
-6.606152
0.000000
-20.545165
-20.545165
0.000000
-21.895921
-21.895921
-21.895921
-21.895921
0.000000
-21.895921
0.000000
-21.895921
-21.895921
-21.895921
0.000000
-21.895921
0.000000
-21.895921
-21.895921
-21.895921
-16.126136
0.000000
-21.895921
4.091845
6.664031
29.016368
29.016368
0.000000
0.124393
0.124393
-12.624134
-12.828243
0.000000
0.000000
0.000000
-22.881018
-22.881018
-16.409016
-16.409016
-25.832239
-25.832239
0.000000
0.000000
0.000000
0.000000
0.000000
0.000000
0.000000
-8.692517
-8.692517
20.550023
20.550023
-0.404621
-6.606152
-6.606152
0.000000
-21.576317
-21.576317
0.000000
-22.881018
-22.881018
-22.881018
-22.881018
0.000000
-22.881018
0.000000
-22.881018
-22.881018
-22.881018
0.000000
-22.881018
0.000000
-22.881018
-22.881018
-22.881018
-16.152379
0.000000
-22.881018
-33.919067
-42.398014
6.808139
6.808139
0.000000
0.124393
0.124393
-12.696863
-12.828243
0.000000
0.000000
0.000000
21.808470
21.808470
9.418884
9.418884
-25.165201
-25.165201
0.000000
0.000000
0.000000
0.000000
0.000000
0.000000
0.000000
-8.692517
-8.692517
20.550023
20.550023
-0.404621
-6.606152
-6.606152
0.000000
21.979512
21.979512
0.000000
21.808470
21.808470
21.808470
21.808470
0.000000
21.808470
0.000000
21.808470
21.808470
21.808470
0.000000
21.808470
0.000000
21.808470
21.808470
21.808470
-6.968784
0.000000
21.808470
-5.894485
10.731440
-6.753068
-6.753068
0.000000
0.124393
0.124393
-13.496399
-13.585347
0.000000
0.000000
0.000000
-22.881018
-22.881018
-15.200785
-15.200785
17.630732
17.630732
0.000000
0.000000
0.000000
0.000000
0.000000
0.000000
0.000000
-8.692517
-8.692517
20.550023
20.550023
-0.404621
-6.606152
-6.606152
0.000000
-21.688910
-21.688910
0.000000
-22.881018
-22.881018
-22.881018
-22.881018
0.000000
-22.881018
0.000000
-22.881018
-22.881018
-22.881018
0.000000
-22.881018
0.000000
-22.881018
-22.881018
-22.881018
-2.541169
0.000000
-22.881018
3.062409
6.148759
30.106390
30.106390
0.000000
0.124393
0.124393
-13.660548
-13.792263
0.000000
0.000000
0.000000
23.250448
23.250448
-5.606500
-5.606500
22.907186
22.907186
0.000000
0.000000
0.000000
0.000000
0.000000
0.000000
0.000000
-8.692517
-8.692517
20.550023
20.550023
-0.404621
-6.606152
-6.606152
0.000000
22.624549
22.624549
0.000000
23.250448
23.250448
23.250448
23.250448
0.000000
23.250448
0.000000
23.250448
23.250448
23.250448
0.000000
23.250448
0.000000
23.250448
23.250448
23.250448
-1.964664
0.000000
23.250448
30.022747
18.695390
-30.200129
-30.200129
0.000000
0.124393
0.124393
36.877809
37.298144
0.000000
0.000000
0.000000
21.120506
21.120506
24.040826
24.040826
-23.415412
-23.415412
0.000000
0.000000
0.000000
0.000000
0.000000
0.000000
0.000000
-8.692517
-8.692517
20.550023
20.550023
-0.404621
-6.606152
-6.606152
0.000000
20.876327
20.876327
0.000000
21.120506
21.120506
21.120506
21.120506
0.000000
21.120506
0.000000
21.120506
21.120506
21.120506
0.000000
21.120506
0.000000
21.120506
21.120506
21.120506
-3.210615
0.000000
21.120506
-7.161184
9.984883
-5.631954
-5.631954
0.000000
0.124393
0.124393
-14.428237
-14.623855
0.000000
0.000000
0.000000
-22.338308
-22.338308
-24.251590
-24.251590
0.000000
0.000000
0.000000
0.000000
0.000000
0.000000
0.000000
0.000000
-8.692517
-8.692517
20.550023
20.550023
-0.404621
-6.606152
-6.606152
0.000000
-21.113629
-21.113629
0.000000
-22.338308
-22.338308
-22.338308
-22.338308
0.000000
-22.338308
0.000000
-22.338308
-22.338308
-22.338308
0.000000
-22.338308
0.000000
-22.338308
-22.338308
-22.338308
5.271620
0.000000
-22.338308
-31.738856
-38.131978
8.167360
8.167360
0.000000
0.124393
0.124393
-14.241957
-14.484710
0.000000
0.000000
0.000000
22.881018
22.881018
-2.260238
-2.260238
0.000000
0.000000
0.000000
0.000000
0.000000
0.000000
0.000000
0.000000
-8.692517
-8.692517
20.550023
20.550023
-0.404621
-6.606152
-6.606152
0.000000
22.699135
22.699135
0.000000
22.881018
22.881018
22.881018
22.881018
0.000000
22.881018
0.000000
22.881018
22.881018
22.881018
0.000000
22.881018
0.000000
22.881018
22.881018
22.881018
-13.714978
0.000000
22.881018
-5.466499
11.416463
-6.908423
-6.908423
0.000000
0.124393
0.124393
-13.843176
-13.861303
0.000000
0.000000
0.000000
-23.626328
-23.626328
-16.260505
-16.260505
19.786678
19.786678
0.000000
0.000000
0.000000
0.000000
0.000000
0.000000
0.000000
-8.692517
-8.692517
20.550023
20.550023
-0.404621
-6.606152
-6.606152
0.000000
-22.802512
-22.802512
0.000000
-23.626328
-23.626328
-23.626328
-23.626328
0.000000
-23.626328
0.000000
-23.626328
-23.626328
-23.626328
0.000000
-23.626328
0.000000
-23.626328
-23.626328
-23.626328
-8.961366
0.000000
-23.626328
4.274489
5.971105
30.647725
30.647725
0.000000
0.124393
0.124393
-12.422908
-12.553045
0.000000
0.000000
0.000000
21.461952
21.461952
2.378021
2.378021
0.000000
0.000000
0.000000
0.000000
0.000000
0.000000
0.000000
0.000000
-8.692517
-8.692517
20.550023
20.550023
-0.404621
-6.606152
-6.606152
0.000000
21.455752
21.455752
0.000000
21.461952
21.461952
21.461952
21.461952
0.000000
21.461952
0.000000
21.461952
21.461952
21.461952
0.000000
21.461952
0.000000
21.461952
21.461952
21.461952
-2.408119
0.000000
21.461952
29.521219
18.339519
-29.049771
-29.049771
0.000000
0.124393
0.124393
35.884429
35.999500
0.000000
0.000000
0.000000
23.064946
23.064946
0.000000
-25.363712
-25.363712
0.000000
0.000000
0.000000
0.000000
0.000000
0.000000
0.000000
-8.692517
-8.692517
20.550023
20.550023
-0.404621
-6.606152
-6.606152
0.000000
22.739234
22.739234
0.000000
23.064946
23.064946
23.064946
23.064946
0.000000
23.064946
0.000000
23.064946
23.064946
23.064946
0.000000
23.064946
0.000000
23.064946
23.064946
23.064946
-14.267830
0.000000
23.064946
-5.378470
11.196843
-8.141431
-8.141431
0.000000
0.124393
0.124393
-12.658017
-12.897028
0.000000
0.000000
0.000000
-21.808470
-21.808470
-34.065326
-34.065326
-18.542309
-18.542309
0.000000
0.000000
0.000000
0.000000
0.000000
0.000000
0.000000
-8.692517
-8.692517
20.550023
20.550023
-0.404621
-6.535141
-6.535141
0.000000
-20.772366
-20.772366
0.000000
-21.808470
-21.808470
-21.808470
-21.808470
0.000000
-21.808470
0.000000
-21.808470
-21.808470
-21.808470
0.000000
-21.808470
0.000000
-21.808470
-21.808470
-21.808470
5.884456
0.000000
-21.808470
-33.057911
-40.738551
5.942666
5.942666
0.000000
0.124393
0.124393
-12.307478
-12.346499
0.000000
0.000000
0.000000
22.698626
22.698626
0.000000
21.117588
21.117588
0.000000
0.000000
0.000000
0.000000
0.000000
0.000000
0.000000
-7.894952
-7.894952
0.027175
0.027175
-0.403512
-6.587888
-6.587888
0.000000
22.448559
22.448559
0.000000
22.698626
22.698626
22.698626
22.698626
0.000000
22.698626
0.000000
22.698626
22.698626
22.698626
0.000000
22.698626
0.000000
22.698626
22.698626
22.698626
5.428056
0.000000
22.698626
31.653788
18.639787
-31.186195
-31.186195
0.000000
0.062196
0.062196
39.750276
39.751310
0.000000
0.000000
0.000000
19.800794
19.800794
0.000000
17.808864
17.808864
0.000000
0.000000
0.000000
0.000000
0.000000
0.000000
0.000000
-7.894952
-7.894952
0.027175
0.027175
-0.403512
-6.587888
-6.587888
0.000000
19.415414
19.415414
0.000000
19.800794
19.800794
19.800794
19.800794
0.000000
19.800794
0.000000
19.800794
19.800794
19.800794
0.000000
19.800794
0.000000
19.800794
19.800794
19.800794
3.950210
0.000000
19.800794
28.434605
17.127967
-27.529906
-27.529906
0.000000
0.062196
0.062196
34.066646
34.122329
0.000000
0.000000
0.000000
0.000000
-14.484710
-14.484710
-15.230135
-15.230135
34.862906
34.862906
21.322789
-15.264573
-15.264573
-3.262197
-3.262197
0.663387
2.214915
-5.966369
-5.966369
-17.186146
-17.186146
-5.336230
-5.336230
-8.953319
-26.974080
-26.974080
-6.965729
-6.965729
37.355174
37.355174
35.906553
25.137988
25.137988
-13.847982
-13.847982
-8.538897
-8.538897
-15.755676
10.691179
-7.176950
-7.176950
-7.374917
0.000000
-10.753494
-10.753494
-14.152846
-14.152846
15.038612
15.038612
41.227409
37.485606
37.485606
-9.905456
-9.905456
-17.838386
-17.838386
-16.170971
9.939933
1.349028
1.349028
-18.996485
-18.996485
-25.463604
-25.463604
-18.972159
0.000000
-16.184417
-16.184417
-15.945444
-15.945444
-16.077520
-31.634068
-1.105121
-1.105121
-27.659751
-38.295877
-3.607136
-3.607136
-17.825891
-17.825891
7.228872
-10.625384
-19.668254
-19.668254
-14.382023
-36.709845
-7.426837
-7.426837
-24.954685
-24.954685
-0.948973
0.000000
-14.623855
-14.623855
35.520459
35.520459
-20.660050
17.648578
17.648578
-6.065703
-6.065703
-13.607670
-25.474086
-25.474086
-0.153230
-0.153230
9.418382
-10.830118
-10.830118
-8.419681
6.441662
27.160772
29.437492
29.437492
-18.659112
-18.659112
-11.520340
-4.786805
9.656612
-17.703113
-17.703113
1.063004
-14.927937
24.989485
24.989485
-27.127909
30.183847
30.183847
8.811299
8.811299
14.794585
-29.184234
-29.184234
8.036364
-4.518472
-4.518472
-23.629943
-23.629943
-9.393216
32.512267
32.512267
-28.746271
1.247892
20.484544
20.484544
-1.770242
-32.573145
-8.057574
-8.057574
-7.854433
-7.854433
19.749024
-18.589865
-18.589865
22.852103
34.577312
34.577312
-15.942186
13.269006
27.480479
27.480479
0.000000
0.000000
0.000000
0.000000
0.000000
0.000000
0.000000
0.000000
0.000000
0.000000
0.000000
0.000000
0.000000
0.000000
0.000000
0.000000
0.000000
0.000000
0.000000
0.000000
0.000000
0.000000
0.000000
