0.000000
0.000000
0.000000
0.000000
0.000000
0.000000
0.000000
0.000000
0.000000
0.000000
0.000000
0.000000
0.000000
0.000000
0.000000
0.000000
1.556955
1.556955
0.000000
0.000000
0.000000
0.000000
0.000000
0.653650
0.653650
2.013061
2.038290
0.691242
0.691242
0.000000
0.000000
1.324592
1.324592
0.372910
0.372910
0.244345
-0.379102
-0.379102
0.227021
0.227021
0.000000
1.505216
0.000000
2.100623
-0.138016
-0.138016
0.233078
0.233078
0.227843
0.227843
-0.639330
-0.639330
0.903507
0.135840
0.135840
-1.133207
-1.871366
0.282746
0.282746
0.872355
0.872355
1.368889
1.368889
0.551764
0.551764
-0.495805
0.299732
0.299732
1.113470
1.347895
1.347895
0.000000
-0.149106
0.982494
0.982494
1.133126
1.133126
0.084632
2.192355
0.483689
0.483689
0.956575
0.956575
-1.425936
1.164927
-0.051924
-1.258234
-1.258234
-1.690068
-1.690068
0.578199
-0.524796
-0.130070
-0.130070
0.900835
0.900835
1.204057
0.197426
-0.252888
0.922251
0.922251
-0.289524
-0.289524
0.274738
0.274738
0.555551
0.555551
0.402011
-0.746778
-0.746778
0.107534
0.107534
1.278700
1.278700
0.148314
0.148314
-1.360295
-1.360295
-1.081969
-0.638584
-0.638584
0.917441
0.917441
0.076184
-0.423959
0.155634
0.155634
0.139548
0.139548
-0.059134
-0.059134
0.225448
-0.508822
-0.508822
-0.056229
-0.056229
0.371093
0.371093
0.153790
-1.110443
-1.110443
0.000000
0.018330
-0.296953
0.563941
0.563941
-0.317453
-0.317453
1.106578
1.106578
-0.147414
0.321568
0.321568
-0.063400
-0.063400
-1.193743
-2.157085
-2.157085
0.000000
0.000000
0.627765
0.627765
0.000000
0.000000
0.000000
-11.769013
-11.769013
10.987099
10.987099
-6.845164
-14.756090
-14.756090
0.000000
1.793732
1.793732
0.000000
-0.299534
1.553456
-0.222374
-0.222374
0.000000
1.464592
0.000000
1.197533
0.296618
0.296618
0.000000
1.247226
0.000000
1.678223
0.777086
0.777086
2.046375
0.000000
2.147770
1.738678
-0.790265
-0.499638
-0.499638
0.000000
0.972952
0.972952
-0.632134
-0.777727
0.000000
0.000000
0.000000
0.216743
0.216743
-0.237009
-0.237009
0.253308
0.253308
0.000000
0.000000
-0.092875
-0.092875
0.000000
0.000000
0.000000
-11.769013
-11.769013
10.987099
10.987099
-6.845164
-14.756090
-14.756090
0.000000
2.483441
2.483441
0.000000
1.428811
0.362158
1.135004
1.135004
0.000000
0.212233
0.000000
-0.079803
-1.432752
-1.432752
0.000000
-1.277810
0.000000
0.728554
-0.418907
-0.418907
2.103406
0.000000
-0.844773
0.248771
-0.624248
0.533901
0.533901
0.000000
-0.922085
-0.922085
0.713893
-1.163604
0.000000
0.000000
0.000000
0.575155
0.575155
0.611635
0.611635
-0.560392
0.746652
0.746652
0.988651
0.988651
-1.399420
-1.399420
0.000000
0.000000
1.054455
1.054455
0.000000
0.000000
0.000000
-11.769013
-11.769013
10.987099
10.987099
-6.845164
-14.756090
-14.756090
0.000000
1.064717
1.064717
0.000000
0.821735
0.666681
0.712113
0.712113
0.000000
0.011263
0.000000
-0.967589
-1.028239
-1.028239
0.000000
-0.398537
0.000000
1.203229
0.990824
0.990824
2.118856
0.000000
0.520340
0.409752
0.405838
0.962977
0.962977
0.000000
-1.144957
-1.144957
1.124614
0.025716
0.000000
0.000000
0.000000
-0.610047
-0.610047
0.690429
0.690429
-1.229954
-1.229954
0.000000
0.000000
0.993664
0.993664
0.000000
0.000000
0.000000
-11.769013
-11.769013
10.987099
10.987099
-6.845164
-14.756090
-14.756090
0.000000
1.720190
1.720190
0.000000
1.154615
-0.072342
2.251667
2.251667
0.000000
1.847932
0.000000
1.489733
-1.658398
-1.658398
0.000000
-0.465505
0.000000
-0.176651
-1.027043
-1.027043
2.462027
0.000000
-0.453908
-2.344916
-0.406425
-0.300457
-0.300457
0.000000
1.011194
1.011194
-0.138365
-0.107823
0.000000
0.000000
0.000000
0.260427
0.260427
1.234975
1.234975
0.495848
0.495848
0.000000
0.000000
-0.473909
-0.473909
0.000000
0.000000
0.000000
-11.769013
-11.769013
10.987099
10.987099
-6.845164
-14.756090
-14.756090
0.000000
0.335004
0.335004
0.000000
-0.671093
-0.430823
1.630688
1.630688
0.000000
1.495793
0.000000
-1.836773
-1.435103
-1.435103
0.000000
-0.528143
0.000000
-0.697331
0.258592
0.258592
2.985269
0.000000
0.005705
-0.507714
0.227798
-0.362298
-0.362298
0.000000
-1.566061
-1.566061
-0.986299
-0.166418
0.000000
0.000000
0.000000
0.627186
0.627186
-0.389493
-0.389493
-0.563378
-0.006041
-0.006041
1.540748
1.540748
0.191071
0.191071
0.000000
0.000000
-0.508088
-0.508088
0.000000
0.000000
0.000000
-11.769013
-11.769013
10.987099
10.987099
-6.845164
-14.756090
-14.756090
0.000000
-1.829116
-1.829116
0.000000
-1.901222
-0.773686
-0.981805
-0.981805
0.000000
-1.879091
0.000000
-1.742160
0.041649
0.041649
0.000000
-0.712115
0.000000
-1.607994
-0.297693
-0.297693
2.370141
0.000000
-1.262472
-0.611897
-1.338351
1.984655
1.984655
0.000000
0.894597
0.894597
-0.322138
1.683906
0.000000
0.000000
0.000000
-0.964747
-0.964747
0.000000
0.449442
0.449442
0.000000
0.000000
0.090709
0.090709
0.000000
0.000000
0.000000
-11.769013
-11.769013
10.987099
10.987099
-6.845164
-14.756090
-14.756090
0.000000
2.101455
2.101455
0.000000
0.988092
0.155583
0.165246
0.165246
0.000000
2.100232
0.000000
0.463774
-0.763108
-0.763108
0.000000
0.779992
0.000000
-0.239508
-1.108923
-1.108923
2.009433
0.000000
0.926889
-0.829150
-0.605524
-1.469058
-1.469058
0.000000
1.201402
1.201402
-0.887618
0.897166
0.000000
0.000000
0.000000
-1.662613
-1.662613
0.000000
-2.278605
-2.278605
0.000000
0.000000
-0.035664
-0.035664
0.000000
0.000000
0.000000
-12.004263
-12.004263
11.034848
11.034848
-6.845164
-14.756090
-14.756090
0.000000
0.735828
0.735828
0.000000
0.685776
0.391489
-1.932450
-1.932450
0.000000
-0.935770
0.000000
0.638631
0.406747
0.406747
0.000000
-0.481660
0.000000
-0.783993
-0.633478
-0.633478
2.353888
0.000000
-0.853105
-0.939761
-1.188698
1.083400
1.083400
0.000000
0.742588
0.742588
-0.373099
0.661633
0.000000
0.000000
0.000000
1.762002
0.000000
-0.352044
-0.352044
0.571337
0.571337
0.000000
0.000000
-0.667694
-0.667694
0.000000
0.000000
0.000000
-12.004263
-12.004263
11.034848
11.034848
-6.845164
-14.756090
-14.756090
0.000000
3.095937
3.095937
0.000000
2.468606
0.534838
-0.354155
-0.354155
0.000000
0.484055
0.000000
1.607997
1.688142
1.688142
0.000000
0.840886
0.000000
0.902874
-0.788850
-0.788850
1.137817
0.000000
0.146042
-0.438399
0.821834
-0.567949
-0.567949
0.000000
1.247342
1.247342
-1.041231
0.946854
0.000000
0.000000
0.000000
-0.652498
-0.652498
3.115883
0.546336
0.546336
-1.242782
-1.242782
0.088256
-0.213295
-0.213295
0.594719
-0.468081
0.508806
0.508806
0.000000
-0.570471
-1.850347
0.471302
0.471302
-2.333541
-2.333541
-1.418666
-1.418666
1.247849
0.625369
-0.243528
-0.243528
0.429503
0.429503
0.435923
0.435923
-1.044861
2.134600
-0.330765
-0.330765
1.062450
-0.577776
-0.203263
-0.203263
0.000000
-0.051505
-0.051505
0.000000
0.000000
1.092882
1.092882
0.000000
0.000000
0.000000
-11.833602
-11.833602
12.529223
12.529223
-6.845164
-14.756090
-14.756090
0.000000
2.388797
2.388797
0.000000
0.258704
0.231298
-1.110467
-1.110467
0.000000
-0.068319
0.000000
-1.082179
0.887889
0.887889
0.000000
2.229168
0.000000
1.604200
0.833095
0.833095
2.422786
0.000000
1.764647
1.316226
-0.494687
-1.129347
-1.129347
0.000000
-0.783235
-0.783235
-0.061680
-0.334166
0.000000
0.000000
0.000000
-1.101283
-1.101283
0.000000
-2.071262
0.000000
1.047835
1.047835
-1.310101
-1.310101
1.587822
-0.406816
0.000000
-1.253246
-1.253246
0.000000
0.000000
0.245909
0.245909
0.000000
0.000000
0.000000
-11.833602
-11.833602
12.529223
12.529223
-6.845164
-14.756090
-14.756090
0.000000
2.303894
2.303894
0.000000
1.386908
-1.705710
-1.273320
-1.273320
0.000000
-0.157537
0.000000
1.708530
-1.461140
-1.461140
0.000000
-0.109132
0.000000
-0.989905
-0.654398
-0.654398
1.334057
0.000000
-0.184913
0.833032
0.575928
-0.750470
-0.750470
0.000000
-1.031883
-1.031883
0.440040
-1.744909
0.000000
0.000000
0.000000
0.469037
0.469037
0.740507
0.740507
-0.130272
-0.130272
0.000000
0.000000
0.678995
0.678995
0.000000
0.000000
0.000000
-11.833602
-11.833602
12.529223
12.529223
-6.845164
-14.756090
-14.756090
0.000000
0.264895
0.264895
0.000000
-0.920880
-1.448476
0.498957
0.498957
0.000000
0.021546
0.000000
-0.519248
1.215036
1.215036
0.000000
0.358523
0.000000
-1.373100
-0.208074
-0.208074
2.594402
0.000000
-0.270694
0.761867
0.869169
0.259267
0.259267
0.000000
0.329508
0.329508
-0.948783
0.750273
0.000000
0.000000
0.000000
0.000000
-0.411979
-0.411979
0.000000
0.000000
0.000000
-0.967294
-0.967294
0.000000
0.000000
0.000000
-11.833602
-11.833602
12.529223
12.529223
-6.845164
-14.756090
-14.756090
0.000000
-0.048094
-0.048094
0.000000
-1.030391
1.435482
-0.363124
-0.363124
0.000000
0.339880
0.000000
-0.184857
0.067039
0.067039
0.000000
0.828250
0.000000
0.934380
0.511649
0.511649
2.394676
0.000000
1.157107
1.264846
-0.130431
-1.027989
-1.027989
0.000000
-1.329774
-1.329774
0.621315
-1.543240
0.000000
0.000000
0.000000
0.000000
-0.755663
-0.755663
0.000000
0.000000
-0.377558
-0.377558
0.000000
0.000000
0.000000
-11.833602
-11.833602
12.529223
12.529223
-6.845164
-14.756090
-14.756090
0.000000
1.063996
1.063996
0.000000
1.296062
-0.514455
0.735239
0.735239
0.000000
1.073139
0.000000
0.313572
0.267211
0.267211
0.000000
0.465342
0.000000
0.177961
-0.861742
-0.861742
3.467645
0.000000
-0.376580
-0.890042
-0.939697
-0.872211
-0.872211
0.000000
-0.751263
-0.751263
-1.551069
-0.885271
0.000000
0.000000
0.000000
-1.040748
-0.534437
-0.534437
0.000000
-1.262201
-1.262201
0.000000
0.000000
-0.123091
-0.123091
0.000000
0.000000
0.000000
-12.044427
-12.044427
11.553913
11.553913
-6.845164
-14.756090
-14.756090
0.000000
0.118938
0.118938
0.000000
-0.460392
-0.990577
-0.093783
-0.093783
0.000000
-0.658017
0.000000
-1.260269
-0.496654
-0.496654
0.000000
-0.576202
0.000000
-1.430177
-1.059670
-1.059670
3.114068
0.000000
-0.937416
-2.337426
-2.189151
0.147962
0.147962
0.000000
-0.891298
-0.891298
-0.468625
-0.544590
0.000000
0.000000
0.000000
0.000000
0.585718
0.585718
0.000000
0.000000
-0.080568
-0.080568
0.000000
0.000000
0.000000
-12.044427
-12.044427
11.553913
11.553913
-6.845164
-14.756090
-14.756090
0.000000
0.790144
0.790144
0.000000
0.997136
-1.478921
-2.291143
-2.291143
0.000000
-1.431614
0.000000
0.533804
0.073077
0.073077
0.000000
-1.180585
0.000000
0.687857
0.312602
0.312602
2.208483
0.000000
-1.080039
-0.509538
-1.191171
0.780082
0.780082
0.000000
0.160587
0.160587
-1.469984
-0.198682
0.000000
0.000000
0.000000
-1.081525
-1.081525
0.269173
0.269173
0.526102
-1.330723
-1.430863
-1.430863
-0.716763
-0.716763
1.003264
1.003264
0.146004
-0.680130
-0.680130
1.087788
0.519197
0.519197
-1.481021
0.000000
-0.299332
-0.575789
-0.575789
0.367310
0.367310
-0.752396
-0.592298
-0.592298
0.420767
0.420767
-1.594297
-1.594297
-0.361361
-0.462214
-0.462214
0.000000
0.726830
0.929331
0.929331
-0.947447
-0.947447
0.769155
0.769155
-0.565836
0.263284
0.263284
0.000000
0.000000
1.167315
1.167315
0.000000
0.000000
0.000000
-11.573234
-11.573234
11.317542
11.317542
-6.845164
-14.756090
-14.756090
0.000000
1.793732
1.793732
0.000000
-0.299534
1.553456
-0.222374
-0.222374
0.000000
1.464592
0.000000
1.197533
0.296618
0.296618
0.000000
1.247226
0.000000
1.678223
0.777086
0.777086
1.644992
0.000000
2.147770
1.964273
0.065265
0.105564
0.105564
0.000000
0.443332
0.443332
1.296792
0.414726
0.000000
0.000000
0.000000
0.216743
0.216743
0.786349
0.786349
0.000000
0.000000
0.000000
-0.513162
-0.513162
0.000000
0.000000
0.000000
-11.573234
-11.573234
11.317542
11.317542
-6.845164
-14.756090
-14.756090
0.000000
2.483441
2.483441
0.000000
1.428811
0.362158
1.135004
1.135004
0.000000
0.212233
0.000000
-0.079803
-1.432752
-1.432752
0.000000
-1.277810
0.000000
0.728554
-0.418907
-0.418907
1.995371
0.000000
-0.844773
-0.579746
-0.204443
0.182397
0.182397
0.000000
-2.078967
-2.078967
1.408840
-0.912659
0.000000
0.000000
0.000000
0.580608
0.580608
-0.966594
-0.966594
0.000000
0.000000
0.000000
2.580628
2.580628
0.000000
0.000000
0.000000
-11.573234
-11.573234
11.317542
11.317542
-6.845164
-14.756090
-14.756090
0.000000
1.064717
1.064717
0.000000
0.821735
0.666681
0.712113
0.712113
0.000000
0.011263
0.000000
-0.967589
-1.028239
-1.028239
0.000000
-0.398537
0.000000
1.203229
0.990824
0.990824
2.444641
0.000000
0.520340
1.121053
0.800833
1.165465
1.165465
0.000000
0.076548
0.076548
0.163426
0.099432
0.000000
0.000000
0.000000
-0.610047
-0.610047
2.050318
2.050318
-0.057351
-0.057351
0.000000
0.000000
-0.162457
-0.162457
0.000000
0.000000
0.000000
-11.573234
-11.573234
11.317542
11.317542
-6.845164
-14.756090
-14.756090
0.000000
1.720190
1.720190
0.000000
1.154615
-0.072342
2.251667
2.251667
0.000000
1.847932
0.000000
1.489733
-1.658398
-1.658398
0.000000
-0.465505
0.000000
-0.176651
-1.027043
-1.027043
2.905856
0.000000
-0.453908
-2.120384
-1.202485
-0.237612
-0.237612
0.000000
-1.055855
-1.055855
1.307518
-1.929491
0.000000
0.000000
0.000000
0.260427
0.260427
-0.759827
-0.759827
0.000000
0.000000
0.000000
0.588524
0.588524
0.000000
0.000000
0.000000
-11.573234
-11.573234
11.317542
11.317542
-6.845164
-14.756090
-14.756090
0.000000
0.335004
0.335004
0.000000
-0.671093
-0.430823
1.630688
1.630688
0.000000
1.495793
0.000000
-1.836773
-1.435103
-1.435103
0.000000
-0.528143
0.000000
-0.697331
0.258592
0.258592
2.808807
0.000000
0.005705
-0.679350
-0.284372
-0.256135
-0.256135
0.000000
0.113717
0.113717
-0.832578
-0.048823
0.000000
0.000000
0.000000
-0.207693
-0.207693
0.532195
0.532195
0.550651
0.550651
0.000000
0.000000
0.169905
0.169905
0.000000
0.000000
0.000000
-11.573234
-11.573234
11.317542
11.317542
-6.845164
-14.756090
-14.756090
0.000000
-1.829116
-1.829116
0.000000
-1.901222
-0.773686
-0.981805
-0.981805
0.000000
-1.879091
0.000000
-1.742160
0.041649
0.041649
0.000000
-0.712115
0.000000
-1.607994
-0.297693
-0.297693
2.567053
0.000000
-1.262472
-0.377251
-0.513509
1.467184
1.467184
0.000000
0.163784
0.163784
0.059343
-0.020885
0.000000
0.000000
0.000000
-0.793429
-0.793429
-1.280386
-1.280386
-1.523379
-1.523379
0.000000
0.000000
-1.001192
-1.001192
0.000000
0.000000
0.000000
-11.573234
-11.573234
11.317542
11.317542
-6.845164
-14.756090
-14.756090
0.000000
2.101455
2.101455
0.000000
0.988092
0.155583
0.165246
0.165246
0.000000
2.100232
0.000000
0.463774
-0.763108
-0.763108
0.000000
0.779992
0.000000
-0.239508
-1.108923
-1.108923
2.323933
0.000000
0.926889
-1.318837
0.457975
-0.065543
-0.065543
0.000000
-1.197395
-1.197395
0.533545
-0.553732
0.000000
0.000000
0.000000
-1.525452
-1.525452
-0.855299
-0.855299
-0.202234
-0.202234
0.000000
0.000000
-0.123323
-0.123323
0.000000
0.000000
0.000000
-11.573234
-11.573234
11.317542
11.317542
-6.845164
-14.756090
-14.756090
0.000000
0.735828
0.735828
0.000000
0.685776
0.391489
-1.932450
-1.932450
0.000000
-0.935770
0.000000
0.638631
0.406747
0.406747
0.000000
-0.481660
0.000000
-0.783993
-0.633478
-0.633478
2.626482
0.000000
-0.853105
-0.898416
-0.096486
1.048417
1.048417
0.000000
-0.615052
-0.615052
0.685331
-1.035599
0.000000
0.000000
0.000000
-0.234382
-0.234382
-0.825121
-0.825121
-1.097355
-1.097355
0.000000
0.000000
0.371709
0.371709
0.000000
0.000000
0.000000
-11.573234
-11.573234
11.317542
11.317542
-6.845164
-14.756090
-14.756090
0.000000
3.095937
3.095937
0.000000
2.468606
0.534838
-0.354155
-0.354155
0.000000
0.484055
0.000000
1.607997
1.688142
1.688142
0.000000
0.840886
0.000000
0.902874
-0.788850
-0.788850
1.780098
0.000000
0.146042
-0.594062
0.535663
-0.331357
-0.331357
0.000000
-1.029571
-1.029571
-0.288432
-0.544262
0.000000
0.000000
0.000000
-0.536842
-0.536842
0.347446
0.347446
1.075497
1.075497
0.000000
0.000000
0.656126
0.656126
0.000000
0.000000
0.000000
-11.573234
-11.573234
11.317542
11.317542
-6.845164
-14.756090
-14.756090
0.000000
1.557246
1.557246
0.000000
1.306195
-2.147720
0.500277
0.500277
0.000000
-1.039276
0.000000
-0.137173
1.021446
1.021446
0.000000
-1.174347
0.000000
-1.456589
-0.603804
-0.603804
2.950716
0.000000
-2.018536
1.253017
0.224428
0.181387
0.181387
0.000000
0.807612
0.807612
-0.333574
0.137541
0.000000
0.000000
0.000000
0.089910
0.089910
0.929644
0.929644
0.000000
0.000000
0.000000
0.848254
0.848254
0.000000
0.000000
0.000000
-11.573234
-11.573234
11.317542
11.317542
-6.845164
-14.756090
-14.756090
0.000000
0.693662
0.693662
0.000000
0.075509
-1.698815
-0.163693
-0.163693
0.000000
0.028004
0.000000
-0.241167
0.613378
0.613378
0.000000
0.692120
0.000000
-0.971877
-1.945883
-1.945883
3.339342
0.000000
-1.131049
-1.823651
-0.886466
0.607913
0.607913
0.000000
-1.941773
-1.941773
0.305263
-0.630940
0.000000
0.000000
0.000000
1.283766
1.283766
-2.854376
-2.854376
0.000000
0.000000
0.000000
1.858026
1.858026
0.000000
0.000000
0.000000
-11.573234
-11.573234
11.317542
11.317542
-6.845164
-14.756090
-14.756090
0.000000
0.476272
0.476272
0.000000
-1.915625
0.902617
-1.099980
-1.099980
0.000000
0.733265
0.000000
0.133118
-0.265517
-0.265517
0.000000
1.081921
0.000000
-0.643132
-0.177217
-0.177217
2.680639
0.000000
1.155988
-0.394076
0.508358
-2.048382
-2.048382
0.000000
-0.692039
-0.692039
0.823326
-0.944369
0.000000
0.000000
0.000000
-1.149294
-1.149294
-1.779834
-1.779834
0.004108
0.004108
0.000000
0.000000
0.516096
0.516096
0.000000
0.000000
0.000000
-11.573234
-11.573234
11.317542
11.317542
-6.845164
-14.756090
-14.756090
0.000000
0.622354
0.622354
0.000000
-0.204319
-0.377417
-0.638595
-0.638595
0.000000
-0.363410
0.000000
-1.059323
0.379233
0.379233
0.000000
-0.990079
0.000000
0.750360
-0.342787
-0.342787
3.719049
0.000000
-1.061625
-0.191857
-0.512715
0.980934
0.980934
0.000000
-0.902187
-0.902187
0.337891
-0.455707
0.000000
0.000000
0.000000
0.204322
0.204322
-0.652100
-0.652100
0.000000
0.000000
0.000000
0.722554
0.722554
0.000000
0.000000
0.000000
-11.573234
-11.573234
11.317542
11.317542
-6.845164
-14.756090
-14.756090
0.000000
1.587908
1.587908
0.000000
0.280503
-0.305939
-1.811986
-1.811986
0.000000
-0.194680
0.000000
0.766257
0.493441
0.493441
0.000000
0.482348
0.000000
-0.272534
-1.318776
-1.318776
3.282819
0.000000
-0.034737
-0.365947
0.344784
-1.366405
-1.366405
0.000000
0.309088
0.309088
-0.714388
1.053571
0.000000
0.000000
0.000000
1.547299
1.547299
0.000000
0.303727
0.303727
0.000000
0.000000
0.425007
0.425007
0.000000
0.000000
0.000000
-11.573234
-11.573234
11.317542
11.317542
-6.845164
-14.756090
-14.756090
0.000000
0.935829
0.935829
0.000000
-0.197996
-0.210208
0.242464
0.242464
0.000000
0.803955
0.000000
0.518861
-1.049765
-1.049765
0.000000
0.645670
0.000000
-0.538287
-0.646826
-0.646826
2.865065
0.000000
0.595338
0.027025
0.404955
0.150374
0.150374
0.000000
-1.022785
-1.022785
-0.265683
-0.630992
0.000000
0.000000
0.000000
0.392503
0.392503
-0.697315
-0.697315
-1.611079
-1.611079
0.000000
0.000000
-0.059799
-0.059799
0.000000
0.000000
0.000000
-11.573234
-11.573234
11.317542
11.317542
-6.845164
-14.642270
-14.642270
0.000000
0.674731
0.674731
0.000000
0.123407
-1.295849
1.072194
1.072194
0.000000
1.451830
0.000000
-0.422507
-0.036979
-0.036979
0.000000
0.505384
0.000000
0.511329
-0.339714
-0.339714
3.084475
0.000000
0.450320
0.148325
-0.598152
-0.830662
-0.830662
0.000000
-0.215974
-0.215974
-0.562613
-1.347591
0.000000
0.000000
0.000000
-2.100873
-2.100873
0.000000
0.090383
0.090383
0.000000
0.000000
-0.002153
-0.002153
0.000000
0.000000
0.000000
-11.773594
-11.773594
12.554090
12.554090
-6.889001
-14.760863
-14.760863
0.000000
2.044373
2.044373
0.000000
2.703765
0.047219
-0.200662
-0.200662
0.000000
-1.021980
0.000000
1.152327
0.022006
0.022006
0.000000
-0.952219
0.000000
-1.671366
-1.353329
-1.353329
2.836791
0.000000
-1.259653
-0.642407
0.479355
-0.449700
-0.449700
0.000000
0.029326
0.029326
0.802590
0.697921
0.000000
0.000000
0.000000
-0.097456
-0.097456
0.000000
-1.340836
-1.340836
0.000000
0.000000
0.669399
0.669399
0.000000
0.000000
0.000000
-11.773594
-11.773594
12.554090
12.554090
-6.889001
-14.760863
-14.760863
0.000000
2.608360
2.608360
0.000000
0.631832
1.153735
-0.645611
-0.645611
0.000000
-0.518914
0.000000
1.197296
-0.545781
-0.545781
0.000000
0.256277
0.000000
0.725497
1.367217
1.367217
2.528079
0.000000
1.496176
0.144573
-0.060015
-0.042514
-0.042514
0.000000
0.997043
0.997043
-0.937897
0.477704
0.000000
0.000000
0.000000
0.000000
-2.901021
-2.901021
0.033838
0.033838
-0.810685
-0.810685
-1.925597
0.885238
0.885238
0.875976
0.875976
-1.330952
0.120372
0.669500
0.669500
-0.272188
-0.272188
-0.601216
-0.601216
-0.238923
1.813488
1.813488
0.365402
0.365402
-1.116354
-1.116354
-0.474333
0.484571
0.484571
-1.058554
-1.058554
1.903082
1.903082
-0.113224
-2.122543
0.336629
0.336629
-0.639875
0.000000
-0.212065
-0.212065
-0.363366
-0.363366
0.585337
0.585337
0.516775
-0.425897
-0.425897
-1.055608
-1.055608
-1.010397
-1.010397
0.847387
-0.146063
-0.764663
-0.764663
0.232949
0.232949
-0.424830
-0.424830
0.044554
0.000000
-0.372743
-0.372743
-0.346416
-0.346416
0.861338
0.076785
0.195918
0.195918
-0.029633
1.010069
0.416996
0.416996
-3.192130
-3.192130
-0.484201
1.201131
-0.952777
-0.952777
1.358966
1.306692
-1.198642
-1.198642
-0.282194
-0.282194
1.074815
0.000000
-1.398705
-2.046123
-0.587935
-0.587935
-0.679011
0.424304
0.424304
-0.555457
-0.555457
-1.892835
-0.627806
-0.627806
-1.234518
-1.234518
0.403483
-0.873103
-0.873103
-2.239858
1.273286
0.293440
0.449629
0.449629
1.074982
1.074982
0.764583
0.792978
-0.202253
1.857450
1.857450
0.061245
2.050806
0.600407
0.600407
0.664512
-0.765312
-0.765312
-0.409177
-0.409177
-0.462530
-0.767136
-0.767136
-0.033068
0.445885
0.445885
-0.044530
-0.044530
-1.292513
-1.176757
-1.176757
-1.071984
-1.006421
-0.301026
-0.301026
-0.596203
1.507557
2.487804
2.487804
0.291317
0.291317
-1.173292
-0.305550
-0.305550
-0.156821
-1.111714
-1.111714
0.619069
0.594849
0.251940
0.251940
0.000000
0.000000
0.000000
0.000000
0.000000
0.000000
0.000000
0.000000
0.000000
0.000000
0.000000
0.000000
0.000000
0.000000
0.000000
0.000000
0.000000
0.000000
0.000000
0.000000
0.000000
0.000000
0.000000
